 user_id | email | password | age | zipcode 
---------+-------+----------+-----+---------
       1 |       |          |  24 | 85711
       2 |       |          |  53 | 94043
       3 |       |          |  23 | 32067
       4 |       |          |  24 | 43537
       5 |       |          |  33 | 15213
       6 |       |          |  42 | 98101
       7 |       |          |  57 | 91344
       8 |       |          |  36 | 05201
       9 |       |          |  29 | 01002
      10 |       |          |  53 | 90703
      11 |       |          |  39 | 30329
      12 |       |          |  28 | 06405
      13 |       |          |  47 | 29206
      14 |       |          |  45 | 55106
      15 |       |          |  49 | 97301
      16 |       |          |  21 | 10309
      17 |       |          |  30 | 06355
      18 |       |          |  35 | 37212
      19 |       |          |  40 | 02138
      20 |       |          |  42 | 95660
      21 |       |          |  26 | 30068
      22 |       |          |  25 | 40206
      23 |       |          |  30 | 48197
      24 |       |          |  21 | 94533
      25 |       |          |  39 | 55107
      26 |       |          |  49 | 21044
      27 |       |          |  40 | 30030
      28 |       |          |  32 | 55369
      29 |       |          |  41 | 94043
      30 |       |          |   7 | 55436
      31 |       |          |  24 | 10003
      32 |       |          |  28 | 78741
      33 |       |          |  23 | 27510
      34 |       |          |  38 | 42141
      35 |       |          |  20 | 42459
      36 |       |          |  19 | 93117
      37 |       |          |  23 | 55105
      38 |       |          |  28 | 54467
      39 |       |          |  41 | 01040
      40 |       |          |  38 | 27514
      41 |       |          |  33 | 80525
      42 |       |          |  30 | 17870
      43 |       |          |  29 | 20854
      44 |       |          |  26 | 46260
      45 |       |          |  29 | 50233
      46 |       |          |  27 | 46538
      47 |       |          |  53 | 07102
      48 |       |          |  45 | 12550
      49 |       |          |  23 | 76111
      50 |       |          |  21 | 52245
      51 |       |          |  28 | 16509
      52 |       |          |  18 | 55105
      53 |       |          |  26 | 55414
      54 |       |          |  22 | 66315
      55 |       |          |  37 | 01331
      56 |       |          |  25 | 46260
      57 |       |          |  16 | 84010
      58 |       |          |  27 | 52246
      59 |       |          |  49 | 08403
      60 |       |          |  50 | 06472
      61 |       |          |  36 | 30040
      62 |       |          |  27 | 97214
      63 |       |          |  31 | 75240
      64 |       |          |  32 | 43202
      65 |       |          |  51 | 48118
      66 |       |          |  23 | 80521
      67 |       |          |  17 | 60402
      68 |       |          |  19 | 22904
      69 |       |          |  24 | 55337
      70 |       |          |  27 | 60067
      71 |       |          |  39 | 98034
      72 |       |          |  48 | 73034
      73 |       |          |  24 | 41850
      74 |       |          |  39 | T8H1N
      75 |       |          |  24 | 08816
      76 |       |          |  20 | 02215
      77 |       |          |  30 | 29379
      78 |       |          |  26 | 61801
      79 |       |          |  39 | 03755
      80 |       |          |  34 | 52241
      81 |       |          |  21 | 21218
      82 |       |          |  50 | 22902
      83 |       |          |  40 | 44133
      84 |       |          |  32 | 55369
      85 |       |          |  51 | 20003
      86 |       |          |  26 | 46005
      87 |       |          |  47 | 89503
      88 |       |          |  49 | 11701
      89 |       |          |  43 | 68106
      90 |       |          |  60 | 78155
      91 |       |          |  55 | 01913
      92 |       |          |  32 | 80525
      93 |       |          |  48 | 23112
      94 |       |          |  26 | 71457
      95 |       |          |  31 | 10707
      96 |       |          |  25 | 75206
      97 |       |          |  43 | 98006
      98 |       |          |  49 | 90291
      99 |       |          |  20 | 63129
     100 |       |          |  36 | 90254
     101 |       |          |  15 | 05146
     102 |       |          |  38 | 30220
     103 |       |          |  26 | 55108
     104 |       |          |  27 | 55108
     105 |       |          |  24 | 94043
     106 |       |          |  61 | 55125
     107 |       |          |  39 | 60466
     108 |       |          |  44 | 63130
     109 |       |          |  29 | 55423
     110 |       |          |  19 | 77840
     111 |       |          |  57 | 90630
     112 |       |          |  30 | 60613
     113 |       |          |  47 | 95032
     114 |       |          |  27 | 75013
     115 |       |          |  31 | 17110
     116 |       |          |  40 | 97232
     117 |       |          |  20 | 16125
     118 |       |          |  21 | 90210
     119 |       |          |  32 | 67401
     120 |       |          |  47 | 06260
     121 |       |          |  54 | 99603
     122 |       |          |  32 | 22206
     123 |       |          |  48 | 20008
     124 |       |          |  34 | 60615
     125 |       |          |  30 | 22202
     126 |       |          |  28 | 20015
     127 |       |          |  33 | 73439
     128 |       |          |  24 | 20009
     129 |       |          |  36 | 07039
     130 |       |          |  20 | 60115
     131 |       |          |  59 | 15237
     132 |       |          |  24 | 94612
     133 |       |          |  53 | 78602
     134 |       |          |  31 | 80236
     135 |       |          |  23 | 38401
     136 |       |          |  51 | 97365
     137 |       |          |  50 | 84408
     138 |       |          |  46 | 53211
     139 |       |          |  20 | 08904
     140 |       |          |  30 | 32250
     141 |       |          |  49 | 36117
     142 |       |          |  13 | 48118
     143 |       |          |  42 | 08832
     144 |       |          |  53 | 20910
     145 |       |          |  31 | V3N4P
     146 |       |          |  45 | 83814
     147 |       |          |  40 | 02143
     148 |       |          |  33 | 97006
     149 |       |          |  35 | 17325
     150 |       |          |  20 | 02139
     151 |       |          |  38 | 48103
     152 |       |          |  33 | 68767
     153 |       |          |  25 | 60641
     154 |       |          |  25 | 53703
     155 |       |          |  32 | 11217
     156 |       |          |  25 | 08360
     157 |       |          |  57 | 70808
     158 |       |          |  50 | 27606
     159 |       |          |  23 | 55346
     160 |       |          |  27 | 66215
     161 |       |          |  50 | 55104
     162 |       |          |  25 | 15610
     163 |       |          |  49 | 97212
     164 |       |          |  47 | 80123
     165 |       |          |  20 | 53715
     166 |       |          |  47 | 55113
     167 |       |          |  37 | L9G2B
     168 |       |          |  48 | 80127
     169 |       |          |  52 | 53705
     170 |       |          |  53 | 30067
     171 |       |          |  48 | 78750
     172 |       |          |  55 | 22207
     173 |       |          |  56 | 22306
     174 |       |          |  30 | 52302
     175 |       |          |  26 | 21911
     176 |       |          |  28 | 07030
     177 |       |          |  20 | 19104
     178 |       |          |  26 | 49512
     179 |       |          |  15 | 20755
     180 |       |          |  22 | 60202
     181 |       |          |  26 | 21218
     182 |       |          |  36 | 33884
     183 |       |          |  33 | 27708
     184 |       |          |  37 | 76013
     185 |       |          |  53 | 97403
     186 |       |          |  39 | 00000
     187 |       |          |  26 | 16801
     188 |       |          |  42 | 29440
     189 |       |          |  32 | 95014
     190 |       |          |  30 | 95938
     191 |       |          |  33 | 95161
     192 |       |          |  42 | 90840
     193 |       |          |  29 | 49931
     194 |       |          |  38 | 02154
     195 |       |          |  42 | 93555
     196 |       |          |  49 | 55105
     197 |       |          |  55 | 75094
     198 |       |          |  21 | 55414
     199 |       |          |  30 | 17604
     200 |       |          |  40 | 93402
     201 |       |          |  27 | E2A4H
     202 |       |          |  41 | 60201
     203 |       |          |  25 | 32301
     204 |       |          |  52 | 10960
     205 |       |          |  47 | 06371
     206 |       |          |  14 | 53115
     207 |       |          |  39 | 92037
     208 |       |          |  43 | 01720
     209 |       |          |  33 | 85710
     210 |       |          |  39 | 03060
     211 |       |          |  66 | 32605
     212 |       |          |  49 | 61401
     213 |       |          |  33 | 55345
     214 |       |          |  26 | 11231
     215 |       |          |  35 | 63033
     216 |       |          |  22 | 02215
     217 |       |          |  22 | 11727
     218 |       |          |  37 | 06513
     219 |       |          |  32 | 43212
     220 |       |          |  30 | 78205
     221 |       |          |  19 | 20685
     222 |       |          |  29 | 27502
     223 |       |          |  19 | 47906
     224 |       |          |  31 | 43512
     225 |       |          |  51 | 58202
     226 |       |          |  28 | 92103
     227 |       |          |  46 | 60659
     228 |       |          |  21 | 22003
     229 |       |          |  29 | 22903
     230 |       |          |  28 | 14476
     231 |       |          |  48 | 01080
     232 |       |          |  45 | 99709
     233 |       |          |  38 | 98682
     234 |       |          |  60 | 94702
     235 |       |          |  37 | 22973
     236 |       |          |  44 | 53214
     237 |       |          |  49 | 63146
     238 |       |          |  42 | 44124
     239 |       |          |  39 | 95628
     240 |       |          |  23 | 20784
     241 |       |          |  26 | 20001
     242 |       |          |  33 | 31404
     243 |       |          |  33 | 60201
     244 |       |          |  28 | 80525
     245 |       |          |  22 | 55109
     246 |       |          |  19 | 28734
     247 |       |          |  28 | 20770
     248 |       |          |  25 | 37235
     249 |       |          |  25 | 84103
     250 |       |          |  29 | 95110
     251 |       |          |  28 | 85032
     252 |       |          |  42 | 07733
     253 |       |          |  26 | 22903
     254 |       |          |  44 | 42647
     255 |       |          |  23 | 07029
     256 |       |          |  35 | 39042
     257 |       |          |  17 | 77005
     258 |       |          |  19 | 77801
     259 |       |          |  21 | 48823
     260 |       |          |  40 | 89801
     261 |       |          |  28 | 85202
     262 |       |          |  19 | 78264
     263 |       |          |  41 | 55346
     264 |       |          |  36 | 90064
     265 |       |          |  26 | 84601
     266 |       |          |  62 | 78756
     267 |       |          |  23 | 83716
     268 |       |          |  24 | 19422
     269 |       |          |  31 | 43201
     270 |       |          |  18 | 63119
     271 |       |          |  51 | 22932
     272 |       |          |  33 | 53706
     273 |       |          |  50 | 10016
     274 |       |          |  20 | 55414
     275 |       |          |  38 | 92064
     276 |       |          |  21 | 95064
     277 |       |          |  35 | 55406
     278 |       |          |  37 | 30033
     279 |       |          |  33 | 85251
     280 |       |          |  30 | 22903
     281 |       |          |  15 | 06059
     282 |       |          |  22 | 20057
     283 |       |          |  28 | 55305
     284 |       |          |  40 | 92629
     285 |       |          |  25 | 53713
     286 |       |          |  27 | 15217
     287 |       |          |  21 | 31211
     288 |       |          |  34 | 23226
     289 |       |          |  11 | 94619
     290 |       |          |  40 | 93550
     291 |       |          |  19 | 44106
     292 |       |          |  35 | 94703
     293 |       |          |  24 | 60804
     294 |       |          |  34 | 92110
     295 |       |          |  31 | 50325
     296 |       |          |  43 | 16803
     297 |       |          |  29 | 98103
     298 |       |          |  44 | 01581
     299 |       |          |  29 | 63108
     300 |       |          |  26 | 55106
     301 |       |          |  24 | 55439
     302 |       |          |  42 | 77904
     303 |       |          |  19 | 14853
     304 |       |          |  22 | 71701
     305 |       |          |  23 | 94086
     306 |       |          |  45 | 73132
     307 |       |          |  25 | 55454
     308 |       |          |  60 | 95076
     309 |       |          |  40 | 70802
     310 |       |          |  37 | 91711
     311 |       |          |  32 | 73071
     312 |       |          |  48 | 02110
     313 |       |          |  41 | 60035
     314 |       |          |  20 | 08043
     315 |       |          |  31 | 18301
     316 |       |          |  43 | 77009
     317 |       |          |  22 | 13210
     318 |       |          |  65 | 06518
     319 |       |          |  38 | 22030
     320 |       |          |  19 | 24060
     321 |       |          |  49 | 55413
     322 |       |          |  20 | 50613
     323 |       |          |  21 | 19149
     324 |       |          |  21 | 02176
     325 |       |          |  48 | 02139
     326 |       |          |  41 | 15235
     327 |       |          |  22 | 11101
     328 |       |          |  51 | 06779
     329 |       |          |  48 | 01720
     330 |       |          |  35 | 33884
     331 |       |          |  33 | 91344
     332 |       |          |  20 | 40504
     333 |       |          |  47 | V0R2M
     334 |       |          |  32 | 30002
     335 |       |          |  45 | 33775
     336 |       |          |  23 | 42101
     337 |       |          |  37 | 10522
     338 |       |          |  39 | 59717
     339 |       |          |  35 | 37901
     340 |       |          |  46 | 80123
     341 |       |          |  17 | 44405
     342 |       |          |  25 | 98006
     343 |       |          |  43 | 30093
     344 |       |          |  30 | 94117
     345 |       |          |  28 | 94143
     346 |       |          |  34 | 76059
     347 |       |          |  18 | 90210
     348 |       |          |  24 | 45660
     349 |       |          |  68 | 61455
     350 |       |          |  32 | 97301
     351 |       |          |  61 | 49938
     352 |       |          |  37 | 55105
     353 |       |          |  25 | 28480
     354 |       |          |  29 | 48197
     355 |       |          |  25 | 60135
     356 |       |          |  32 | 92688
     357 |       |          |  26 | 98133
     358 |       |          |  40 | 10022
     359 |       |          |  22 | 61801
     360 |       |          |  51 | 98027
     361 |       |          |  22 | 44074
     362 |       |          |  35 | 85233
     363 |       |          |  20 | 87501
     364 |       |          |  63 | 01810
     365 |       |          |  29 | 20009
     366 |       |          |  20 | 50670
     367 |       |          |  17 | 37411
     368 |       |          |  18 | 92113
     369 |       |          |  24 | 91335
     370 |       |          |  52 | 08534
     371 |       |          |  36 | 99206
     372 |       |          |  25 | 66046
     373 |       |          |  24 | 55116
     374 |       |          |  36 | 78746
     375 |       |          |  17 | 37777
     376 |       |          |  28 | 10010
     377 |       |          |  22 | 18015
     378 |       |          |  35 | 02859
     379 |       |          |  44 | 98117
     380 |       |          |  32 | 55117
     381 |       |          |  33 | 94608
     382 |       |          |  45 | 01824
     383 |       |          |  42 | 75204
     384 |       |          |  52 | 45218
     385 |       |          |  36 | 10003
     386 |       |          |  36 | 43221
     387 |       |          |  33 | 37412
     388 |       |          |  31 | 36106
     389 |       |          |  44 | 83702
     390 |       |          |  42 | 85016
     391 |       |          |  23 | 84604
     392 |       |          |  52 | 59801
     393 |       |          |  19 | 83686
     394 |       |          |  25 | 96819
     395 |       |          |  43 | 44092
     396 |       |          |  57 | 94551
     397 |       |          |  17 | 27514
     398 |       |          |  40 | 60008
     399 |       |          |  25 | 92374
     400 |       |          |  33 | 78213
     401 |       |          |  46 | 84107
     402 |       |          |  30 | 95129
     403 |       |          |  37 | 06811
     404 |       |          |  29 | 55108
     405 |       |          |  22 | 10019
     406 |       |          |  52 | 93109
     407 |       |          |  29 | 03261
     408 |       |          |  23 | 61755
     409 |       |          |  48 | 98225
     410 |       |          |  30 | 94025
     411 |       |          |  34 | 44691
     412 |       |          |  25 | 15222
     413 |       |          |  55 | 78212
     414 |       |          |  24 | 38115
     415 |       |          |  39 | 85711
     416 |       |          |  20 | 92626
     417 |       |          |  27 | 48103
     418 |       |          |  55 | 21206
     419 |       |          |  37 | 43215
     420 |       |          |  53 | 02140
     421 |       |          |  38 | 55105
     422 |       |          |  26 | 94533
     423 |       |          |  64 | 91606
     424 |       |          |  36 | 55422
     425 |       |          |  19 | 58644
     426 |       |          |  55 | 01602
     427 |       |          |  51 | 85258
     428 |       |          |  28 | 55414
     429 |       |          |  27 | 29205
     430 |       |          |  38 | 98199
     431 |       |          |  24 | 92629
     432 |       |          |  22 | 50311
     433 |       |          |  27 | 11211
     434 |       |          |  16 | 49705
     435 |       |          |  24 | 60007
     436 |       |          |  30 | 17345
     437 |       |          |  27 | 20009
     438 |       |          |  51 | 43204
     439 |       |          |  23 | 20817
     440 |       |          |  30 | 48076
     441 |       |          |  50 | 55013
     442 |       |          |  22 | 85282
     443 |       |          |  35 | 33308
     444 |       |          |  51 | 53202
     445 |       |          |  21 | 92653
     446 |       |          |  57 | 60201
     447 |       |          |  30 | 55113
     448 |       |          |  23 | 10021
     449 |       |          |  23 | 55021
     450 |       |          |  35 | 11758
     451 |       |          |  16 | 48446
     452 |       |          |  35 | 28018
     453 |       |          |  18 | 06333
     454 |       |          |  57 | 97330
     455 |       |          |  48 | 83709
     456 |       |          |  24 | 31820
     457 |       |          |  33 | 30011
     458 |       |          |  47 | Y1A6B
     459 |       |          |  22 | 29201
     460 |       |          |  44 | 60630
     461 |       |          |  15 | 98102
     462 |       |          |  19 | 02918
     463 |       |          |  48 | 75218
     464 |       |          |  60 | 94583
     465 |       |          |  32 | 05001
     466 |       |          |  22 | 90804
     467 |       |          |  29 | 91201
     468 |       |          |  28 | 02341
     469 |       |          |  60 | 78628
     470 |       |          |  24 | 10021
     471 |       |          |  10 | 77459
     472 |       |          |  24 | 87544
     473 |       |          |  29 | 94708
     474 |       |          |  51 | 93711
     475 |       |          |  30 | 75230
     476 |       |          |  28 | 60440
     477 |       |          |  23 | 02125
     478 |       |          |  29 | 10019
     479 |       |          |  30 | 55409
     480 |       |          |  57 | 98257
     481 |       |          |  73 | 37771
     482 |       |          |  18 | 40256
     483 |       |          |  29 | 43212
     484 |       |          |  27 | 21208
     485 |       |          |  44 | 95821
     486 |       |          |  39 | 93101
     487 |       |          |  22 | 92121
     488 |       |          |  48 | 21012
     489 |       |          |  55 | 45218
     490 |       |          |  29 | V5A2B
     491 |       |          |  43 | 53711
     492 |       |          |  57 | 94618
     493 |       |          |  22 | 60090
     494 |       |          |  38 | 49428
     495 |       |          |  29 | 03052
     496 |       |          |  21 | 55414
     497 |       |          |  20 | 50112
     498 |       |          |  26 | 55408
     499 |       |          |  42 | 75006
     500 |       |          |  28 | 94305
     501 |       |          |  22 | 10025
     502 |       |          |  22 | 23092
     503 |       |          |  50 | 27514
     504 |       |          |  40 | 92115
     505 |       |          |  27 | 20657
     506 |       |          |  46 | 03869
     507 |       |          |  18 | 28450
     508 |       |          |  27 | 19382
     509 |       |          |  23 | 10011
     510 |       |          |  34 | 98038
     511 |       |          |  22 | 21250
     512 |       |          |  29 | 20090
     513 |       |          |  43 | 26241
     514 |       |          |  27 | 20707
     515 |       |          |  53 | 49508
     516 |       |          |  53 | 10021
     517 |       |          |  24 | 55454
     518 |       |          |  49 | 99709
     519 |       |          |  22 | 55320
     520 |       |          |  62 | 12603
     521 |       |          |  19 | 02146
     522 |       |          |  36 | 55443
     523 |       |          |  50 | 04102
     524 |       |          |  56 | 02159
     525 |       |          |  27 | 19711
     526 |       |          |  30 | 97124
     527 |       |          |  33 | 12180
     528 |       |          |  18 | 55104
     529 |       |          |  47 | 44224
     530 |       |          |  29 | 94040
     531 |       |          |  30 | 97408
     532 |       |          |  20 | 92705
     533 |       |          |  43 | 02324
     534 |       |          |  20 | 05464
     535 |       |          |  45 | 80302
     536 |       |          |  38 | 30078
     537 |       |          |  36 | 22902
     538 |       |          |  31 | 21010
     539 |       |          |  53 | 80303
     540 |       |          |  28 | 91201
     541 |       |          |  19 | 84302
     542 |       |          |  21 | 60515
     543 |       |          |  33 | 95123
     544 |       |          |  44 | 29464
     545 |       |          |  27 | 08052
     546 |       |          |  36 | 22911
     547 |       |          |  50 | 14534
     548 |       |          |  51 | 95468
     549 |       |          |  42 | 45680
     550 |       |          |  16 | 95453
     551 |       |          |  25 | 55414
     552 |       |          |  45 | 68147
     553 |       |          |  58 | 62901
     554 |       |          |  32 | 62901
     555 |       |          |  29 | 23227
     556 |       |          |  35 | 30606
     557 |       |          |  30 | 11217
     558 |       |          |  56 | 63132
     559 |       |          |  69 | 10022
     560 |       |          |  32 | 10003
     561 |       |          |  23 | 60005
     562 |       |          |  54 | 20879
     563 |       |          |  39 | 32707
     564 |       |          |  65 | 94591
     565 |       |          |  40 | 55422
     566 |       |          |  20 | 14627
     567 |       |          |  24 | 10003
     568 |       |          |  39 | 01915
     569 |       |          |  34 | 91903
     570 |       |          |  26 | 14627
     571 |       |          |  34 | 01945
     572 |       |          |  51 | 20003
     573 |       |          |  68 | 48911
     574 |       |          |  56 | 53188
     575 |       |          |  33 | 46032
     576 |       |          |  48 | 98281
     577 |       |          |  36 | 77845
     578 |       |          |  31 | M7A1A
     579 |       |          |  32 | 48103
     580 |       |          |  16 | 17961
     581 |       |          |  37 | 94131
     582 |       |          |  17 | 93003
     583 |       |          |  44 | 29631
     584 |       |          |  25 | 27511
     585 |       |          |  69 | 98501
     586 |       |          |  20 | 79508
     587 |       |          |  26 | 14216
     588 |       |          |  18 | 93063
     589 |       |          |  21 | 90034
     590 |       |          |  50 | 82435
     591 |       |          |  57 | 92093
     592 |       |          |  18 | 97520
     593 |       |          |  31 | 68767
     594 |       |          |  46 | M4J2K
     595 |       |          |  25 | 31909
     596 |       |          |  20 | 77073
     597 |       |          |  23 | 84116
     598 |       |          |  40 | 43085
     599 |       |          |  22 | R3T5K
     600 |       |          |  34 | 02320
     601 |       |          |  19 | 99687
     602 |       |          |  47 | 34656
     603 |       |          |  21 | 47905
     604 |       |          |  39 | 11787
     605 |       |          |  33 | 33716
     606 |       |          |  28 | 63044
     607 |       |          |  49 | 02154
     608 |       |          |  22 | 10003
     609 |       |          |  13 | 55106
     610 |       |          |  22 | 21227
     611 |       |          |  46 | 77008
     612 |       |          |  36 | 79070
     613 |       |          |  37 | 29678
     614 |       |          |  54 | 80227
     615 |       |          |  38 | 27705
     616 |       |          |  55 | 50613
     617 |       |          |  27 | 11201
     618 |       |          |  15 | 44212
     619 |       |          |  17 | 44134
     620 |       |          |  18 | 81648
     621 |       |          |  17 | 60402
     622 |       |          |  25 | 14850
     623 |       |          |  50 | 60187
     624 |       |          |  19 | 30067
     625 |       |          |  27 | 20723
     626 |       |          |  23 | 19807
     627 |       |          |  24 | 08034
     628 |       |          |  13 | 94306
     629 |       |          |  46 | 44224
     630 |       |          |  26 | 55408
     631 |       |          |  18 | 38866
     632 |       |          |  18 | 55454
     633 |       |          |  35 | 55414
     634 |       |          |  39 | T8H1N
     635 |       |          |  22 | 23237
     636 |       |          |  47 | 48043
     637 |       |          |  30 | 74101
     638 |       |          |  45 | 01940
     639 |       |          |  42 | 12065
     640 |       |          |  20 | 61801
     641 |       |          |  24 | 60626
     642 |       |          |  18 | 95521
     643 |       |          |  39 | 55122
     644 |       |          |  51 | 63645
     645 |       |          |  27 | 53211
     646 |       |          |  17 | 51250
     647 |       |          |  40 | 45810
     648 |       |          |  43 | 91351
     649 |       |          |  20 | 39762
     650 |       |          |  42 | 83814
     651 |       |          |  65 | 02903
     652 |       |          |  35 | 22911
     653 |       |          |  31 | 55105
     654 |       |          |  27 | 78739
     655 |       |          |  50 | 60657
     656 |       |          |  48 | 10314
     657 |       |          |  26 | 78704
     658 |       |          |  33 | 92626
     659 |       |          |  31 | 54248
     660 |       |          |  26 | 77380
     661 |       |          |  28 | 98121
     662 |       |          |  55 | 19102
     663 |       |          |  26 | 19341
     664 |       |          |  30 | 94115
     665 |       |          |  25 | 55412
     666 |       |          |  44 | 61820
     667 |       |          |  35 | 01970
     668 |       |          |  29 | 10016
     669 |       |          |  37 | 20009
     670 |       |          |  30 | 21114
     671 |       |          |  21 | 91919
     672 |       |          |  54 | 90095
     673 |       |          |  51 | 22906
     674 |       |          |  13 | 55337
     675 |       |          |  34 | 28814
     676 |       |          |  30 | 32712
     677 |       |          |  20 | 99835
     678 |       |          |  50 | 61462
     679 |       |          |  20 | 54302
     680 |       |          |  33 | 90405
     681 |       |          |  44 | 97208
     682 |       |          |  23 | 55128
     683 |       |          |  42 | 23509
     684 |       |          |  28 | 55414
     685 |       |          |  32 | 55409
     686 |       |          |  32 | 26506
     687 |       |          |  31 | 27713
     688 |       |          |  37 | 60476
     689 |       |          |  25 | 45439
     690 |       |          |  35 | 63304
     691 |       |          |  34 | 60089
     692 |       |          |  34 | 18053
     693 |       |          |  43 | 85210
     694 |       |          |  60 | 06365
     695 |       |          |  26 | 38115
     696 |       |          |  55 | 94920
     697 |       |          |  25 | 77042
     698 |       |          |  28 | 06906
     699 |       |          |  44 | 96754
     700 |       |          |  17 | 76309
     701 |       |          |  51 | 56321
     702 |       |          |  37 | 89104
     703 |       |          |  26 | 49512
     704 |       |          |  51 | 91105
     705 |       |          |  21 | 54494
     706 |       |          |  23 | 55454
     707 |       |          |  56 | 19146
     708 |       |          |  26 | 96349
     709 |       |          |  21 | N4T1A
     710 |       |          |  19 | 92020
     711 |       |          |  22 | 15203
     712 |       |          |  22 | 54901
     713 |       |          |  42 | 07204
     714 |       |          |  26 | 55343
     715 |       |          |  21 | 91206
     716 |       |          |  36 | 44265
     717 |       |          |  24 | 84105
     718 |       |          |  42 | 64118
     719 |       |          |  37 | V0R2H
     720 |       |          |  49 | 16506
     721 |       |          |  24 | 11238
     722 |       |          |  50 | 17331
     723 |       |          |  26 | 94403
     724 |       |          |  31 | 40243
     725 |       |          |  21 | 91711
     726 |       |          |  25 | 80538
     727 |       |          |  25 | 78741
     728 |       |          |  58 | 94306
     729 |       |          |  19 | 56567
     730 |       |          |  31 | 32114
     731 |       |          |  41 | 70403
     732 |       |          |  28 | 98405
     733 |       |          |  44 | 60630
     734 |       |          |  25 | 63108
     735 |       |          |  29 | 85719
     736 |       |          |  48 | 94618
     737 |       |          |  30 | 98072
     738 |       |          |  35 | 95403
     739 |       |          |  35 | 73162
     740 |       |          |  25 | 22206
     741 |       |          |  25 | 63108
     742 |       |          |  35 | 29210
     743 |       |          |  31 | 92660
     744 |       |          |  35 | 47024
     745 |       |          |  42 | 55113
     746 |       |          |  25 | 19047
     747 |       |          |  19 | 93612
     748 |       |          |  28 | 94720
     749 |       |          |  33 | 80919
     750 |       |          |  28 | 32303
     751 |       |          |  24 | 90034
     752 |       |          |  60 | 21201
     753 |       |          |  56 | 91206
     754 |       |          |  59 | 62901
     755 |       |          |  44 | 97007
     756 |       |          |  30 | 90247
     757 |       |          |  26 | 55104
     758 |       |          |  27 | 53706
     759 |       |          |  20 | 68503
     760 |       |          |  35 | 14211
     761 |       |          |  17 | 97302
     762 |       |          |  32 | 95050
     763 |       |          |  27 | 02113
     764 |       |          |  27 | 62903
     765 |       |          |  31 | 33066
     766 |       |          |  42 | 10960
     767 |       |          |  70 | 00000
     768 |       |          |  29 | 12866
     769 |       |          |  39 | 06927
     770 |       |          |  28 | 14216
     771 |       |          |  26 | 15232
     772 |       |          |  50 | 27105
     773 |       |          |  20 | 55414
     774 |       |          |  30 | 80027
     775 |       |          |  46 | 90036
     776 |       |          |  30 | 51157
     777 |       |          |  63 | 01810
     778 |       |          |  34 | 01960
     779 |       |          |  31 | K7L5J
     780 |       |          |  49 | 94560
     781 |       |          |  20 | 48825
     782 |       |          |  21 | 33205
     783 |       |          |  30 | 77081
     784 |       |          |  47 | 91040
     785 |       |          |  32 | 23322
     786 |       |          |  36 | 01754
     787 |       |          |  18 | 98620
     788 |       |          |  51 | 05779
     789 |       |          |  29 | 55420
     790 |       |          |  27 | 80913
     791 |       |          |  31 | 20064
     792 |       |          |  40 | 12205
     793 |       |          |  22 | 85281
     794 |       |          |  32 | 57197
     795 |       |          |  30 | 08610
     796 |       |          |  32 | 33755
     797 |       |          |  44 | 62522
     798 |       |          |  40 | 64131
     799 |       |          |  49 | 19716
     800 |       |          |  25 | 55337
     801 |       |          |  22 | 92154
     802 |       |          |  35 | 34105
     803 |       |          |  70 | 78212
     804 |       |          |  39 | 61820
     805 |       |          |  27 | 20009
     806 |       |          |  27 | 11217
     807 |       |          |  41 | 93555
     808 |       |          |  45 | 90016
     809 |       |          |  50 | 30803
     810 |       |          |  55 | 80526
     811 |       |          |  40 | 73013
     812 |       |          |  22 | 76234
     813 |       |          |  14 | 02136
     814 |       |          |  30 | 12345
     815 |       |          |  32 | 28806
     816 |       |          |  34 | 20755
     817 |       |          |  19 | 60152
     818 |       |          |  28 | 27514
     819 |       |          |  59 | 40205
     820 |       |          |  22 | 37725
     821 |       |          |  37 | 77845
     822 |       |          |  29 | 53144
     823 |       |          |  27 | 50322
     824 |       |          |  31 | 15017
     825 |       |          |  44 | 05452
     826 |       |          |  28 | 77048
     827 |       |          |  23 | 80228
     828 |       |          |  28 | 85282
     829 |       |          |  48 | 80209
     830 |       |          |  46 | 53066
     831 |       |          |  21 | 33765
     832 |       |          |  24 | 77042
     833 |       |          |  34 | 90019
     834 |       |          |  26 | 64153
     835 |       |          |  44 | 11577
     836 |       |          |  44 | 10018
     837 |       |          |  36 | 55409
     838 |       |          |  23 | 01375
     839 |       |          |  38 | 90814
     840 |       |          |  39 | 55406
     841 |       |          |  45 | 47401
     842 |       |          |  40 | 93055
     843 |       |          |  35 | 44212
     844 |       |          |  22 | 95662
     845 |       |          |  64 | 97405
     846 |       |          |  27 | 47130
     847 |       |          |  29 | 55417
     848 |       |          |  46 | 02146
     849 |       |          |  15 | 25652
     850 |       |          |  34 | 78390
     851 |       |          |  18 | 29646
     852 |       |          |  46 | 94086
     853 |       |          |  49 | 40515
     854 |       |          |  29 | 55408
     855 |       |          |  53 | 04988
     856 |       |          |  43 | 97215
     857 |       |          |  35 | V1G4L
     858 |       |          |  63 | 09645
     859 |       |          |  18 | 06492
     860 |       |          |  70 | 48322
     861 |       |          |  38 | 14085
     862 |       |          |  25 | 13820
     863 |       |          |  17 | 60089
     864 |       |          |  27 | 63021
     865 |       |          |  25 | 11231
     866 |       |          |  45 | 60302
     867 |       |          |  24 | 92507
     868 |       |          |  21 | 55303
     869 |       |          |  30 | 10025
     870 |       |          |  22 | 65203
     871 |       |          |  31 | 44648
     872 |       |          |  19 | 74078
     873 |       |          |  48 | 33763
     874 |       |          |  36 | 37076
     875 |       |          |  24 | 35802
     876 |       |          |  41 | 20902
     877 |       |          |  30 | 77504
     878 |       |          |  50 | 98027
     879 |       |          |  33 | 55337
     880 |       |          |  13 | 83702
     881 |       |          |  39 | 43017
     882 |       |          |  35 | 40503
     883 |       |          |  49 | 50266
     884 |       |          |  44 | 55337
     885 |       |          |  30 | 95316
     886 |       |          |  20 | 61820
     887 |       |          |  14 | 27249
     888 |       |          |  41 | 17036
     889 |       |          |  24 | 78704
     890 |       |          |  32 | 97301
     891 |       |          |  51 | 03062
     892 |       |          |  36 | 45243
     893 |       |          |  25 | 95823
     894 |       |          |  47 | 74075
     895 |       |          |  31 | 32301
     896 |       |          |  28 | 91505
     897 |       |          |  30 | 33484
     898 |       |          |  23 | 61755
     899 |       |          |  32 | 55116
     900 |       |          |  60 | 18505
     901 |       |          |  38 | L1V3W
     902 |       |          |  45 | 97203
     903 |       |          |  28 | 20850
     904 |       |          |  17 | 61073
     905 |       |          |  27 | 30350
     906 |       |          |  45 | 70124
     907 |       |          |  25 | 80526
     908 |       |          |  44 | 68504
     909 |       |          |  50 | 53171
     910 |       |          |  28 | 29301
     911 |       |          |  37 | 53210
     912 |       |          |  51 | 06512
     913 |       |          |  27 | 76201
     914 |       |          |  44 | 08105
     915 |       |          |  50 | 60614
     916 |       |          |  27 | N2L5N
     917 |       |          |  22 | 20006
     918 |       |          |  40 | 70116
     919 |       |          |  25 | 14216
     920 |       |          |  30 | 90008
     921 |       |          |  20 | 98801
     922 |       |          |  29 | 21114
     923 |       |          |  21 | E2E3R
     924 |       |          |  29 | 11753
     925 |       |          |  18 | 49036
     926 |       |          |  49 | 01701
     927 |       |          |  23 | 55428
     928 |       |          |  21 | 55408
     929 |       |          |  44 | 53711
     930 |       |          |  28 | 07310
     931 |       |          |  60 | 33556
     932 |       |          |  58 | 06437
     933 |       |          |  28 | 48105
     934 |       |          |  61 | 22902
     935 |       |          |  42 | 66221
     936 |       |          |  24 | 32789
     937 |       |          |  48 | 98072
     938 |       |          |  38 | 55038
     939 |       |          |  26 | 33319
     940 |       |          |  32 | 02215
     941 |       |          |  20 | 97229
     942 |       |          |  48 | 78209
     943 |       |          |  22 | 77841
(943 rows)

